lastAccountName: Tim_L
timestamps:
  login: 1673011486310
  lastteleport: 1673013210282
  logout: 1673013243764
ipAddress: 172.17.0.1
lastlocation:
  world: world
  x: -56.769558354447426
  y: 65.0
  z: -242.0676832405012
  yaw: -260.46326
  pitch: 20.93408
logoutlocation:
  world: world
  x: -42.133288490168326
  y: 71.0
  z: -239.01423795699637
  yaw: 98.45271
  pitch: 18.024317
