lastAccountName: Serp
timestamps:
  login: 1673168953530
  logout: 1673169039639
  lastteleport: 1673169020875
ipAddress: 192.168.0.106
lastlocation:
  world: world
  x: -129.5
  y: 71.0
  z: 141.5
  yaw: 141.88245
  pitch: 7.2210364
logoutlocation:
  world: world
  x: -43.30000001192093
  y: 71.0
  z: -240.69999998807907
  yaw: -270.40805
  pitch: 4.1981287
homes: {}
afk: false
