lastAccountName: Apocrypha
timestamps:
  login: 1670592198003
  lastteleport: 1670593357644
  logout: 1670593629209
ipAddress: 192.168.0.106
lastlocation:
  world: world
  x: -129.8455951523727
  y: 71.0
  z: 141.6620360442683
  yaw: 133.02448
  pitch: 7.4626184
afk: false
logoutlocation:
  world: world
  x: -51.26733925409545
  y: 77.0
  z: -240.69999998807907
  yaw: 79.7267
  pitch: 40.395374
