spawns: 
  default: 
    world: world
    x: -129.8455951523727
    y: 71.0
    z: 141.6620360442683
    yaw: 141.88245
    pitch: 7.2210364
